3
4
5
6
7
8
9

10
11
12
13
14
15

22
23
29

30
31
32
33
34
35
36
37
38
39

40
41
42
43
44
45

55
56
57
58
59

60
61
62
63
64
65
66
67
68
69

70
71
72
73
74
75
76
77
78
79

80
81
82
83
84

96

143
144
145
146
147
148
149

150
155
156
157
158
159

160
161
162
163
164
165
166
167
168

170
171
177
178
179

180
181
182
183
185
189

190
192
193
194
195
196
197
198
199

200
201
202
204
205
206
207
208
209

210
211
212
213
215
216
217
218
219

220
221
222
223
224
225
226
227
228
229

240
241
242
244
245
246
247
248
249

250
251
252
253
254
255
256
257
258
259

260
261
262
263
264
265
266
267
268
269

270
271

281
282
283
284
285
286
287
288
289

290
291
292
293
294
295
296
297
298
299

300
301
302
303
304
305
306
307
308

310
311
312
313
314
315
316
317
318
319

320
321
322
323
324
325
326
327
328
329

330
331
332
333
334
336
337
338
339

340
341
342
343
344
345
346
347
348
349

350
351
353
354
355
356
357
358
359

360
361
362
363
364
365
366
367
368
369

370
371
372
373
377

380
389

396

412
413
414
415
416
417

423
427
428
429

430
431
432
433
434
435
436
437
438
439

440
441
442
443
444
445
446
447
448

450
451
452
453
454
455
456
457
458
459

460
461
462

600
601
602
603
604
605
606
607
608
609

610
611
621
